2016 11 11 17 40 51 0
2016 11 11 17 40 51 0
2016 11 11 17 40 52 0
2016 11 11 17 40 52 0
2016 11 11 17 40 53 0
2016 11 11 17 40 53 0
2016 11 11 17 40 54 0
2016 11 11 17 40 54 0
2016 11 11 17 40 55 0
2016 11 11 17 40 55 0
2016 11 11 17 40 56 0
2016 11 11 17 40 56 0
2016 11 11 17 40 57 0
2016 11 11 17 40 57 0
2016 11 11 17 40 58 0
2016 11 11 17 40 58 0
2016 11 11 17 40 59 0
2016 11 11 17 40 59 0
2016 11 11 17 41 0 0
2016 11 11 17 41 0 0
2016 11 11 17 41 1 0
2016 11 11 17 41 2 0
2016 11 11 17 41 2 0
2016 11 11 17 41 3 0
2018 5 1 20 13 20 0
2018 5 1 20 13 20 0
2018 5 1 20 13 20 0
2018 5 1 20 13 20 0
2018 5 1 20 13 20 0
2018 5 1 20 13 20 0
2018 5 1 20 13 20 0
2018 5 1 20 13 20 0
2018 5 1 20 13 20 0
2018 5 1 20 13 20 0
2018 5 1 20 13 20 0
2018 5 1 20 13 20 0
2018 5 1 20 13 20 0
2018 5 1 20 13 20 0
2018 5 1 20 13 20 0
2018 5 1 20 13 20 0
2018 5 1 20 13 20 0
2018 5 1 20 13 20 0
2018 5 1 20 13 20 0
2018 5 1 20 13 20 0
2018 5 1 20 13 20 0
2018 5 1 20 13 20 0
2018 5 1 20 13 20 0
2018 5 1 20 13 20 0
2018 5 1 20 13 20 0
2018 5 1 20 13 20 0
2018 5 1 20 13 20 0
2018 5 1 20 13 20 0
2018 5 1 20 13 20 0
2018 5 1 20 13 20 0
2018 5 1 20 13 20 0
2018 5 1 20 13 20 0
2018 5 1 20 13 20 0
2018 5 1 20 13 20 0
2018 5 1 20 13 20 0
2018 5 1 20 13 20 0
2018 5 1 20 13 20 0
2018 5 1 20 13 20 0
2018 5 1 20 13 20 0
2018 5 1 20 13 20 0
2018 5 1 20 13 20 0
2018 5 1 20 13 20 0
2018 5 1 20 13 20 0
2018 5 1 20 13 20 0
2018 5 1 20 13 20 0
2018 5 1 20 13 20 0
2018 5 1 20 13 20 0
2018 5 1 20 13 20 0
2018 5 1 20 13 20 0
2018 5 1 20 13 20 0
2018 5 1 20 13 20 0
2018 5 1 20 13 20 0
2018 5 1 20 13 20 0
2018 5 1 20 13 20 0
2018 5 1 20 13 20 0
2018 5 1 20 13 20 0
2018 5 1 20 13 20 0
2018 5 1 20 13 20 0
2018 5 1 20 13 20 0
2018 5 1 20 13 20 0
2018 5 1 20 13 20 0
2018 5 1 20 13 20 0
2018 5 1 20 13 20 0
2018 5 1 20 13 20 0
2018 5 1 20 13 20 0
2018 5 1 20 13 20 0
2018 5 1 20 13 20 0
2018 5 1 20 13 20 0
2018 5 1 20 13 20 0
2018 5 1 20 13 20 0
2018 5 1 20 13 20 0
2018 5 1 20 13 20 0
2018 5 1 20 13 20 0
2018 5 1 20 13 20 0
2018 5 1 20 13 20 0
2018 5 1 20 13 20 0
2018 5 1 20 13 20 0
2018 5 1 20 13 20 0
2018 5 1 20 13 20 0
2018 5 1 20 13 20 0
2018 5 1 20 13 20 0
2018 5 1 20 13 20 0
2018 5 1 20 13 20 0
2018 5 1 20 13 20 0
2018 5 1 20 13 20 0
2018 5 1 20 13 20 0
2018 5 1 20 13 20 0
2018 5 1 20 13 20 0
2018 5 1 20 13 20 0
2018 5 1 20 13 20 0
2018 5 1 20 13 20 0
2018 5 1 20 13 20 0
2018 5 1 20 13 20 0
2018 5 1 20 13 20 0
2018 5 1 20 13 20 0
2018 5 1 20 13 20 0
2018 5 1 20 13 20 0
2018 5 1 20 13 20 0
2018 5 1 20 13 20 0
2018 5 1 20 13 20 0
2018 5 1 20 13 20 0
2018 5 1 20 13 20 0
2018 5 1 20 13 20 0
2018 5 1 20 13 20 0
2018 5 1 20 13 20 0
2018 5 1 20 13 20 0
2018 5 1 20 13 20 0
2018 5 1 20 13 20 0
2018 5 1 20 13 20 0
2018 5 1 20 13 20 0
2018 5 1 20 13 20 0
2018 5 1 20 13 20 0
2018 5 1 20 13 20 0
2018 5 1 20 13 20 0
2018 5 1 20 13 20 0
2018 5 1 20 13 20 0
2018 5 1 20 13 20 0
2018 5 1 20 13 20 0
2018 5 1 20 13 20 0
2018 5 1 20 13 20 0
2018 5 1 20 13 20 0
2018 5 1 20 13 20 0
2018 5 1 20 13 20 0
2018 5 1 20 13 20 0
2018 5 1 20 13 20 0
2018 5 1 20 13 20 0
2018 5 1 20 13 20 0
2018 5 1 20 13 20 0
2018 5 1 20 13 20 0
2018 5 1 20 13 20 0
2018 5 1 20 13 21 0
2018 5 1 20 13 21 0
2018 5 1 20 13 21 0
2018 5 1 20 13 21 0
2018 5 1 20 13 21 0
2018 5 1 20 13 21 0
2018 5 1 20 13 21 0
2018 5 1 20 13 21 0
2018 5 1 20 13 21 0
2018 5 1 20 13 21 0
2018 5 1 20 13 21 0
2018 5 1 20 13 21 0
2018 5 1 20 13 21 0
2018 5 1 20 13 21 0
2018 5 1 20 13 21 0
2018 5 1 20 13 21 0
2018 5 1 20 13 21 0
2018 5 1 20 13 21 0
2018 5 1 20 13 21 0
2018 5 1 20 13 21 0
2018 5 1 20 13 21 0
2018 5 1 20 13 21 0
2018 5 1 20 13 21 0
2018 5 1 20 13 21 0
2018 5 1 20 13 21 0
2018 5 1 20 13 21 0
2018 5 1 20 13 21 0
2018 5 1 20 13 21 0
2018 5 1 20 13 21 0
2018 5 1 20 13 21 0
2018 5 1 20 13 21 0
2018 5 1 20 13 21 0
2018 5 1 20 13 21 0
2018 5 1 20 13 21 0
2018 5 1 20 13 21 0
2018 5 1 20 13 21 0
2018 5 1 20 13 21 0
2018 5 1 20 13 21 0
2018 5 1 20 13 21 0
2018 5 1 20 13 21 0
2018 5 1 20 13 21 0
2018 5 1 20 13 21 0
2018 5 1 20 13 21 0
2018 5 1 20 13 21 0
2018 5 1 20 13 21 0
2018 5 1 20 13 21 0
2018 5 1 20 13 21 0
2018 5 1 20 13 21 0
2018 5 1 20 13 21 0
2018 5 1 20 13 21 0
2018 5 1 20 13 21 0
2018 5 1 20 13 21 0
2018 5 1 20 13 21 0
2018 5 1 20 13 21 0
2018 5 1 20 13 21 0
2018 5 1 20 13 21 0
2018 5 1 20 13 21 0
2018 5 1 20 13 21 0
2018 5 1 20 13 21 0
2018 5 1 20 13 21 0
2018 5 1 20 13 21 0
2018 5 1 20 13 21 0
2018 5 1 20 13 21 0
2018 5 1 20 13 21 0
2018 5 1 20 13 21 0
2018 5 1 20 13 21 0
2018 5 1 20 13 21 0
2018 5 1 20 13 21 0
2018 5 1 20 13 21 0
2018 5 1 20 13 21 0
2018 5 1 20 13 21 0
2018 5 1 20 13 21 0
2018 5 1 20 13 21 0
2018 5 1 20 13 21 0
2018 5 1 20 13 21 0
2018 5 1 20 13 21 0
2018 5 1 20 13 21 0
2018 5 1 20 13 21 0
2018 5 1 20 13 21 0
2018 5 1 20 13 21 0
2018 5 1 20 13 21 0
2018 5 1 20 13 21 0
2018 5 1 20 13 21 0
2018 5 1 20 13 21 0
2018 5 1 20 13 21 0
2018 5 1 20 13 21 0
2018 5 1 20 13 21 0
2018 5 1 20 13 21 0
2018 5 1 20 13 21 0
2018 5 1 20 13 21 0
2018 5 1 20 13 21 0
2018 5 1 20 13 21 0
2018 5 1 20 13 21 0
2018 5 1 20 13 21 0
2018 5 1 20 13 21 0
2018 5 1 20 13 21 0
2018 5 1 20 13 21 0
2018 5 1 20 13 21 0
2018 5 1 20 13 21 0
2018 5 1 20 13 21 0
2018 5 1 20 13 21 0
2018 5 1 20 13 21 0
2018 5 1 20 13 21 0
2018 5 1 20 13 21 0
2018 5 1 20 13 21 0
2018 5 1 20 13 21 0
2018 5 1 20 13 21 0
2018 5 1 20 13 21 0
2018 5 1 20 13 21 0
2018 5 1 20 13 21 0
2018 5 1 20 13 21 0
2018 5 1 20 13 21 0
2018 5 1 20 13 21 0
2018 5 1 20 13 21 0
2018 5 1 20 13 21 0
2018 5 1 20 13 21 0
2018 5 1 20 13 21 0
2018 5 1 20 13 21 0
2018 5 1 20 13 21 0
2018 5 1 20 13 21 0
2018 5 1 20 13 21 0
2018 5 1 20 13 21 0
2018 5 1 20 13 21 0
2018 5 1 20 13 21 0
2018 5 1 20 13 21 0
2018 5 1 20 13 21 0
2018 5 1 20 13 21 0
2018 5 1 20 13 21 0
2018 5 1 20 13 21 0
2018 5 1 20 13 21 0
2018 5 1 20 13 21 0
2018 5 1 20 13 21 0
2018 5 1 20 13 21 0
2018 5 1 20 13 21 0
2018 5 1 20 13 21 0
2018 5 1 20 13 21 0
2018 5 1 20 13 21 0
2018 5 1 20 13 21 0
2018 5 1 20 13 21 0
2018 5 1 20 13 22 0
2018 5 1 20 13 22 0
2018 5 1 20 13 22 0
2018 5 1 20 13 22 0
2018 5 1 20 13 22 0
2018 5 1 20 13 22 0
2018 5 1 20 13 22 0
2018 5 1 20 13 22 0
2018 5 1 20 13 22 0
2018 5 1 20 13 22 0
2018 5 1 20 13 22 0
2018 5 1 20 13 22 0
2018 5 1 20 13 22 0
2018 5 1 20 13 22 0
2018 5 1 20 13 22 0
2018 5 1 20 13 22 0
2018 5 1 20 13 22 0
2018 5 1 20 13 22 0
2018 5 1 20 13 22 0
2018 5 1 20 13 22 0
2018 5 1 20 13 22 0
2018 5 1 20 13 22 0
2018 5 1 20 13 22 0
2018 5 1 20 13 22 0
2018 5 1 20 13 22 0
2018 5 1 20 13 22 0
2018 5 1 20 13 22 0
2018 5 1 20 13 22 0
2018 5 1 20 13 22 0
2018 5 1 20 13 22 0
2018 5 1 20 13 22 0
2018 5 1 20 13 22 0
2018 5 1 20 13 22 0
2018 5 1 20 13 22 0
2018 5 1 20 13 22 0
2018 5 1 20 13 22 0
2018 5 1 20 13 22 0
2018 5 1 20 13 22 0
2018 5 1 20 13 22 0
2018 5 1 20 13 22 0
2018 5 1 20 13 22 0
2018 5 1 20 13 22 0
2018 5 1 20 13 22 0
2018 5 1 20 13 22 0
2018 5 1 20 13 22 0
2018 5 1 20 13 22 0
2018 5 1 20 13 22 0
2018 5 1 20 13 22 0
2018 5 1 20 13 22 0
2018 5 1 20 13 22 0
2018 5 1 20 13 22 0
2018 5 1 20 13 22 0
2018 5 1 20 13 22 0
2018 5 1 20 13 22 0
2018 5 1 20 13 22 0
2018 5 1 20 13 22 0
2018 5 1 20 13 22 0
2018 5 1 20 13 22 0
2018 5 1 20 13 22 0
2018 5 1 20 13 22 0
2018 5 1 20 13 22 0
2018 5 1 20 13 22 0
2018 5 1 20 13 22 0
2018 5 1 20 13 22 0
2018 5 1 20 13 22 0
2018 5 1 20 13 22 0
2018 5 1 20 13 22 0
2018 5 1 20 13 22 0
2018 5 1 20 13 22 0
2018 5 1 20 13 22 0
2018 5 1 20 13 22 0
2018 5 1 20 13 22 0
2018 5 1 20 13 22 0
2018 5 1 20 13 22 0
2018 5 1 20 13 22 0
2018 5 1 20 13 22 0
2018 5 1 20 13 22 0
2018 5 1 20 13 22 0
2018 5 1 20 13 22 0
2018 5 1 20 13 22 0
2018 5 1 20 13 22 0
2018 5 1 20 13 22 0
2018 5 1 20 13 22 0
2018 5 1 20 13 22 0
2018 5 1 20 13 22 0
2018 5 1 20 13 22 0
2018 5 1 20 13 22 0
2018 5 1 20 13 22 0
2018 5 1 20 13 22 0
2018 5 1 20 13 22 0
2018 5 1 20 13 22 0
2018 5 1 20 13 22 0
2018 5 1 20 13 22 0
2018 5 1 20 13 22 0
2018 5 1 20 13 22 0
2018 5 1 20 13 22 0
2018 5 1 20 13 22 0
2018 5 1 20 13 22 0
2018 5 1 20 13 22 0
2018 5 1 20 13 22 0
2018 5 1 20 13 22 0
2018 5 1 20 13 22 0
2018 5 1 20 13 22 0
2018 5 1 20 13 22 0
2018 5 1 20 13 22 0
2018 5 1 20 13 22 0
2018 5 1 20 13 22 0
2018 5 1 20 13 22 0
2018 5 1 20 13 22 0
2018 5 1 20 13 22 0
2018 5 1 20 13 22 0
2018 5 1 20 13 22 0
2018 5 1 20 13 22 0
2018 5 1 20 13 22 0
2018 5 1 20 13 22 0
2018 5 1 20 13 22 0
2018 5 1 20 13 22 0
2018 5 1 20 13 22 0
2018 5 1 20 13 22 0
2018 5 1 20 13 22 0
2018 5 1 20 13 22 0
2018 5 1 20 13 22 0
2018 5 1 20 13 22 0
2018 5 1 20 13 22 0
2018 5 1 20 13 22 0
2018 5 1 20 13 22 0
2018 5 1 20 13 22 0
2018 5 1 20 13 22 0
2018 5 1 20 13 22 0
2018 5 1 20 13 22 0
2018 5 1 20 13 22 0
2018 5 1 20 13 22 0
2018 5 1 20 13 22 0
2018 5 1 20 13 22 0
2018 5 1 20 13 22 0
2018 5 1 20 13 22 0
2018 5 1 20 13 22 0
2018 5 1 20 13 22 0
2018 5 1 20 13 22 0
2018 5 1 20 13 22 0
2018 5 1 20 13 22 0
2018 5 1 20 13 22 0
2018 5 1 20 13 22 0
2018 5 1 20 13 23 0
2018 5 1 20 13 23 0
2018 5 1 20 13 23 0
2018 5 1 20 13 23 0
2018 5 1 20 13 23 0
2018 5 1 20 13 23 0
2018 5 1 20 13 23 0
2018 5 1 20 13 23 0
2018 5 1 20 13 23 0
2018 5 1 20 13 23 0
2018 5 1 20 13 23 0
2018 5 1 20 13 23 0
2018 5 1 20 13 23 0
2018 5 1 20 13 23 0
2018 5 1 20 13 23 0
2018 5 1 20 13 23 0
2018 5 1 20 13 23 0
2018 5 1 20 13 23 0
2018 5 1 20 13 23 0
2018 5 1 20 13 23 0
2018 5 1 20 13 23 0
2018 5 1 20 13 23 0
2018 5 1 20 13 23 0
2018 5 1 20 13 23 0
2018 5 1 20 13 23 0
2018 5 1 20 13 23 0
2018 5 1 20 13 23 0
2018 5 1 20 13 23 0
2018 5 1 20 13 23 0
2018 5 1 20 13 23 0
2018 5 1 20 13 23 0
2018 5 1 20 13 23 0
2018 5 1 20 13 23 0
2018 5 1 20 13 23 0
2018 5 1 20 13 23 0
2018 5 1 20 13 23 0
2018 5 1 20 13 23 0
2018 5 1 20 13 23 0
2018 5 1 20 13 23 0
2018 5 1 20 13 23 0
2018 5 1 20 13 23 0
2018 5 1 20 13 23 0
2018 5 1 20 13 23 0
2018 5 1 20 13 23 0
2018 5 1 20 13 23 0
2018 5 1 20 13 23 0
2018 5 1 20 13 23 0
2018 5 1 20 13 23 0
2018 5 1 20 13 23 0
2018 5 1 20 13 23 0
2018 5 1 20 13 23 0
2018 5 1 20 13 23 0
2018 5 1 20 13 23 0
2018 5 1 20 13 23 0
2018 5 1 20 13 23 0
2018 5 1 20 13 23 0
2018 5 1 20 13 23 0
2018 5 1 20 13 23 0
2018 5 1 20 13 23 0
2018 5 1 20 13 23 0
2018 5 1 20 13 23 0
2018 5 1 20 13 23 0
2018 5 1 20 13 23 0
2018 5 1 20 13 23 0
2018 5 1 20 13 23 0
2018 5 1 20 13 23 0
2018 5 1 20 13 23 0
2018 5 1 20 13 23 0
2018 5 1 20 13 23 0
2018 5 1 20 13 23 0
2018 5 1 20 13 23 0
2018 5 1 20 13 23 0
2018 5 1 20 13 23 0
2018 5 1 20 13 23 0
2018 5 1 20 13 23 0
2018 5 1 20 13 23 0
2018 5 1 20 13 23 0
2018 5 1 20 13 23 0
2018 5 1 20 13 23 0
2018 5 1 20 13 23 0
2018 5 1 20 13 23 0
2018 5 1 20 13 23 0
2018 5 1 20 13 23 0
2018 5 1 20 13 23 0
2018 5 1 20 13 23 0
2018 5 1 20 13 23 0
2018 5 1 20 13 23 0
2018 5 1 20 13 23 0
2018 5 1 20 13 23 0
2018 5 1 20 13 23 0
2018 5 1 20 13 23 0
2018 5 1 20 13 23 0
2018 5 1 20 13 23 0
2018 5 1 20 13 23 0
2018 5 1 20 13 23 0
2018 5 1 20 13 23 0
2018 5 1 20 13 23 0
2018 5 1 20 13 23 0
2018 5 1 20 13 23 0
2018 5 1 20 13 23 0
2018 5 1 20 13 23 0
2018 5 1 20 13 23 0
2018 5 1 20 13 23 0
2018 5 1 20 13 23 0
2018 5 1 20 13 23 0
2018 5 1 20 13 23 0
2018 5 1 20 13 23 0
2018 5 1 20 13 23 0
2018 5 1 20 13 23 0
2018 5 1 20 13 23 0
2018 5 1 20 13 23 0
2018 5 1 20 13 23 0
2018 5 1 20 13 23 0
2018 5 1 20 13 23 0
2018 5 1 20 13 23 0
2018 5 1 20 13 23 0
2018 5 1 20 13 23 0
2018 5 1 20 13 23 0
2018 5 1 20 13 23 0
2018 5 1 20 13 23 0
2018 5 1 20 13 23 0
2018 5 1 20 13 23 0
2018 5 1 20 13 23 0
2018 5 1 20 13 23 0
2018 5 1 20 13 23 0
2018 5 1 20 13 23 0
2018 5 1 20 13 23 0
2018 5 1 20 13 23 0
2018 5 1 20 13 23 0
2018 5 1 20 13 23 0
2018 5 1 20 13 23 0
2018 5 1 20 13 23 0
2018 5 1 20 13 23 0
2018 5 1 20 13 23 0
2018 5 1 20 13 23 0
2018 5 1 20 13 23 0
2018 5 1 20 13 23 0
2018 5 1 20 13 23 0
2018 5 1 20 13 23 0
2018 5 1 20 13 24 0
2018 5 1 20 13 24 0
2018 5 1 20 13 24 0
2018 5 1 20 13 24 0
2018 5 1 20 13 24 0
2018 5 1 20 13 24 0
2018 5 1 20 13 24 0
2018 5 1 20 13 24 0
2018 5 1 20 13 24 0
2018 5 1 20 13 24 0
2018 5 1 20 13 24 0
2018 5 1 20 13 24 0
2018 5 1 20 13 24 0
2018 5 1 20 13 24 0
2018 5 1 20 13 24 0
2018 5 1 20 13 24 0
2018 5 1 20 13 24 0
2018 5 1 20 13 24 0
2018 5 1 20 13 24 0
2018 5 1 20 13 24 0
2018 5 1 20 13 24 0
2018 5 1 20 13 24 0
2018 5 1 20 13 24 0
2018 5 1 20 13 24 0
2018 5 1 20 13 24 0
2018 5 1 20 13 24 0
2018 5 1 20 13 24 0
2018 5 1 20 13 24 0
2018 5 1 20 13 24 0
2018 5 1 20 13 24 0
2018 5 1 20 13 24 0
2018 5 1 20 13 24 0
2018 5 1 20 13 24 0
2018 5 1 20 13 24 0
2018 5 1 20 13 24 0
2018 5 1 20 13 24 0
2018 5 1 20 13 24 0
2018 5 1 20 13 24 0
2018 5 1 20 13 24 0
2018 5 1 20 13 24 0
2018 5 1 20 13 24 0
2018 5 1 20 13 24 0
2018 5 1 20 13 24 0
2018 5 1 20 13 24 0
2018 5 1 20 13 24 0
2018 5 1 20 13 24 0
2018 5 1 20 13 24 0
2018 5 1 20 13 24 0
2018 5 1 20 13 24 0
2018 5 1 20 13 24 0
2018 5 1 20 13 24 0
2018 5 1 20 13 24 0
2018 5 1 20 13 24 0
2018 5 1 20 13 24 0
2018 5 1 20 13 24 0
2018 5 1 20 13 24 0
2018 5 1 20 13 24 0
2018 5 1 20 13 24 0
2018 5 1 20 13 24 0
2018 5 1 20 13 24 0
2018 5 1 20 13 24 0
2018 5 1 20 13 24 0
2018 5 1 20 13 24 0
2018 5 12018 5 1 20 15 13 255
2018 5 1 20 15 13 0
2018 5 1 20 15 13 15
2018 5 1 20 15 13 0
2018 5 1 20 15 13 0
2018 5 1 20 15 13 15
2018 5 1 20 15 13 255
2018 5 1 20 15 13 0
2018 5 1 20 15 13 0
2018 5 1 20 15 13 255
2018 5 1 20 15 13 0
2018 5 1 20 15 13 0
2018 5 1 20 15 13 15
2018 5 1 20 15 13 255
2018 5 1 20 15 13 0
2018 5 1 20 15 13 0
2018 5 1 20 15 13 0
2018 5 1 20 15 13 0
2018 5 1 20 15 13 0
2018 5 1 20 15 13 0
2018 5 1 20 15 13 255
2018 5 1 20 15 13 0
2018 5 1 20 15 13 15
2018 5 1 20 15 13 255
2018 5 1 20 15 13 0
2018 5 1 20 15 13 0
2018 5 1 20 15 13 15
2018 5 1 20 15 13 0
2018 5 1 20 15 13 0
2018 5 1 20 15 13 15
2018 5 1 20 15 13 255
2018 5 1 20 15 13 0
2018 5 1 20 15 13 0
2018 5 1 20 15 13 15
2018 5 1 20 15 13 255
2018 5 1 20 15 13 0
2018 5 1 20 15 13 15
2018 5 1 20 15 13 255
2018 5 1 20 15 13 0
2018 5 1 20 15 13 0
2018 5 1 20 15 13 15
2018 5 1 20 15 13 255
2018 5 1 20 15 13 0
2018 5 1 20 15 13 15
2018 5 1 20 15 13 255
2018 5 1 20 15 13 0
2018 5 1 20 15 13 0
2018 5 1 20 15 13 15
2018 5 1 20 15 13 0
2018 5 1 20 15 13 0
2018 5 1 20 15 13 0
2018 5 1 20 15 13 15
2018 5 1 20 15 13 0
2018 5 1 20 15 13 0
2018 5 1 20 15 13 0
2018 5 1 20 15 13 255
2018 5 1 20 15 13 0
2018 5 1 20 15 13 0
2018 5 1 20 15 13 15
2018 5 1 20 15 13 0
2018 5 1 20 15 13 0
2018 5 1 20 15 13 15
2018 5 1 20 15 13 255
2018 5 1 20 15 13 0
2018 5 1 20 15 13 0
2018 5 1 20 15 13 255
2018 5 1 20 15 13 0
2018 5 1 20 15 13 0
2018 5 1 20 15 13 15
2018 5 1 20 15 13 255
2018 5 1 20 15 13 0
2018 5 1 20 15 13 0
2018 5 1 20 15 13 255
2018 5 1 20 15 13 0
2018 5 1 20 15 13 0
2018 5 1 20 15 13 15
2018 5 1 20 15 13 255
2018 5 1 20 15 13 0
2018 5 1 20 15 13 0
2018 5 1 20 15 13 0
2018 5 1 20 15 13 0
2018 5 1 20 15 13 0
2018 5 1 20 15 13 15
2018 5 1 20 15 13 255
2018 5 1 20 15 13 0
2018 5 1 20 15 13 15
2018 5 1 20 15 13 255
2018 5 1 20 15 13 0
2018 5 1 20 15 13 0
2018 5 1 20 15 13 15
2018 5 1 20 15 13 255
2018 5 1 20 15 13 0
2018 5 1 20 15 13 15
2018 5 1 20 15 13 255
2018 5 1 20 15 13 0
2018 5 1 20 15 13 0
2018 5 1 20 15 14 15
2018 5 1 20 15 14 255
2018 5 1 20 15 14 0
2018 5 1 20 15 14 15
2018 5 1 20 15 14 255
2018 5 1 20 15 14 0
2018 5 1 20 15 14 0
2018 5 1 20 15 14 15
2018 5 1 20 15 14 255
2018 5 1 20 15 14 0
2018 5 1 20 15 14 0
2018 5 1 20 15 14 255
2018 5 1 20 15 14 0
2018 5 1 20 15 14 0
2018 5 1 20 15 14 15
2018 5 1 20 15 14 0
2018 5 1 20 15 14 0
2018 5 1 20 15 14 15
2018 5 1 20 15 14 255
2018 5 1 20 15 14 0
2018 5 1 20 15 14 0
2018 5 1 20 15 14 15
2018 5 1 20 15 14 0
2018 5 1 20 15 14 0
2018 5 1 20 15 14 15
2018 5 1 20 15 14 0
2018 5 1 20 15 14 0
2018 5 1 20 15 14 0
2018 5 1 20 15 14 255
2018 5 1 20 15 14 0
2018 5 1 20 15 14 0
2018 5 1 20 15 14 0
2018 5 1 20 15 14 0
2018 5 1 20 15 14 0
2018 5 1 20 15 14 0
2018 5 1 20 15 14 0
2018 5 1 20 15 14 0
2018 5 1 20 15 14 0
2018 5 1 20 15 14 15
2018 5 1 20 15 14 255
2018 5 1 20 15 14 0
2018 5 1 20 15 14 15
2018 5 1 20 15 14 255
2018 5 1 20 15 14 0
2018 5 1 20 15 14 0
2018 5 1 20 15 14 0
2018 5 1 20 15 14 255
2018 5 1 20 15 14 0
2018 5 1 20 15 14 15
2018 5 1 20 15 14 0
2018 5 1 20 15 14 0
2018 5 1 20 15 14 0
2018 5 1 20 15 14 15
2018 5 1 20 15 14 255
2018 5 1 20 15 14 0
2018 5 1 20 15 14 15
2018 5 1 20 15 14 255
2018 5 1 20 15 14 0
2018 5 1 20 15 14 0
2018 5 1 20 15 14 15
2018 5 1 20 15 14 255
2018 5 1 20 15 14 0
2018 5 1 20 15 14 0
2018 5 1 20 15 14 15
2018 5 1 20 15 14 0
2018 5 1 20 15 14 0
2018 5 1 20 15 14 15
2018 5 1 20 15 14 255
2018 5 1 20 15 14 0
2018 5 1 20 15 14 15
2018 5 1 20 15 14 0
2018 5 1 20 15 14 0
2018 5 1 20 15 14 0
2018 5 1 20 15 14 15
2018 5 1 20 15 14 0
2018 5 1 20 15 14 0
2018 5 1 20 15 14 15
2018 5 1 20 15 14 255
2018 5 1 20 15 14 15
2018 5 1 20 15 14 0
2018 5 1 20 15 14 0
2018 5 1 20 15 14 15
2018 5 1 20 15 14 255
2018 5 1 20 15 14 0
2018 5 1 20 15 14 0
2018 5 1 20 15 14 0
2018 5 1 20 15 14 0
2018 5 1 20 15 14 0
2018 5 1 20 15 14 15
2018 5 1 20 15 14 255
2018 5 1 20 15 14 0
2018 5 1 20 15 14 0
2018 5 1 20 15 14 0
2018 5 1 20 15 14 0
2018 5 1 20 15 14 0
2018 5 1 20 15 14 0
2018 5 1 20 15 14 255
2018 5 1 20 15 14 0
2018 5 1 20 15 14 0
2018 5 1 20 15 14 255
2018 5 1 20 15 14 0
2018 5 1 20 15 14 0
2018 5 1 20 15 14